[-12.93153763 -12.98036766 -12.84695244 -12.7682972  -12.92491341
 -13.26944828 -13.44332409 -12.84023476 -10.99874687 -10.06878757]
[-12.93153763 -12.98036861 -12.84695339 -12.7682991  -12.92491436
 -13.26944256 -13.4433136  -12.84033298 -10.99827099 -10.06878853]
[-12.93153763 -13.01266098 -12.98639202 -12.81902218 -12.97288895
 -13.44668198 -13.55258751 -13.33016682 -10.99381161 -10.06878853]
[-12.93153763 -12.98961735 -12.86050606 -12.82349396 -12.96250629
 -13.27959824 -13.47218037 -13.26797676 -13.12347794 -10.06878853]
[-12.93153763 -13.03568459 -13.06649399 -12.8785181  -12.96631432
 -13.33400345 -13.52468491 -13.35529041 -13.12257862 -10.06878853]
[-12.93153763 -13.00941849 -12.90613556 -12.82265568 -12.94765472
 -13.34390354 -13.48970032 -13.3841238  -13.12377834 -10.06878757]
[-12.93153763 -13.05076027 -12.99872303 -12.7683239  -12.95429039
 -13.37813854 -13.45460033 -13.38397598 -13.12310314 -10.06878853]
[-12.93153858 -13.010355   -13.23832321 -13.20309639 -13.0496769
 -13.52561474 -13.57420063 -13.49853516 -13.42317104 -10.06878853]
[-12.93153763 -13.09202194 -13.09788418 -13.12067127 -12.92464352
 -13.33516312 -13.49238014 -13.47536945 -13.35322571 -10.06878757]
[-12.93153858 -13.09193993 -13.26312923 -13.11969185 -12.97949791
 -12.90181541 -13.51626492 -13.47524357 -13.30943108 -10.06878757]
[-12.93153763 -12.98037052 -12.84695721 -12.76830101 -12.92491245
 -13.26943684 -13.44330788 -12.84027672 -10.99841595 -10.06878853]
[-12.93153763 -12.98036003 -12.84694767 -12.76829338 -12.9249115
 -13.26944923 -13.44333363 -12.84021187 -10.99920845 -10.06878853]
[-12.93153763 -12.98037052 -12.8469696  -12.76831245 -12.92491722
 -13.26943493 -13.44330025 -12.84040165 -10.99805737 -10.06878853]
[-12.93153858 -12.98961163 -12.86050034 -12.82348442 -12.96250343
 -13.27959919 -13.47218418 -13.26795864 -13.12358379 -10.06878853]
[-12.93153763 -13.03513241 -13.06435299 -12.87757206 -12.9659481
 -13.33334064 -13.52404022 -13.35829449 -13.12072372 -10.06878853]
[-12.93153763 -13.00941849 -12.90613747 -12.82265663 -12.94765949
 -13.34390831 -13.48970222 -13.38412857 -13.1237793  -10.06878853]
[-12.93153763 -13.05072403 -12.99862576 -12.76829529 -12.95426846
 -13.37809467 -13.45466042 -13.38404655 -13.12356377 -10.06878853]
[-12.93153763 -13.07044601 -13.16752052 -12.97403431 -12.98479939
 -13.34718132 -13.55089951 -13.4659586  -13.36565018 -10.06878853]
[-12.93153763 -13.11059952 -13.24543095 -13.01789379 -12.99745369
 -13.40877151 -13.55385399 -13.49026108 -13.36538219 -10.06878853]
[-12.93153763 -13.11534595 -13.26137161 -13.07579327 -13.02426243
 -13.41594028 -13.56954956 -13.49023628 -13.38046074 -10.06878853]
[-12.93153763 -13.11518383 -13.26405334 -13.11521339 -13.05342484
 -13.44580078 -13.57377529 -13.49633121 -13.39180088 -10.06878853]
[-12.93153763 -13.11723232 -13.27278328 -13.11408806 -13.03609657
 -13.49282932 -13.56693268 -13.50946712 -13.44637394 -10.06878853]
[-12.93153763 -13.11604023 -13.2769289  -13.12515545 -13.07493401
 -13.46361923 -13.57396317 -13.512784   -13.43234062 -10.06878853]
[-12.93153858 -13.11683369 -13.2789526  -13.14959335 -13.05766487
 -13.50459576 -13.57149792 -13.51633167 -13.45031071 -10.06878948]
[-12.93153763 -13.11676598 -13.28026581 -13.15198421 -13.08671379
 -13.48394108 -13.57395458 -13.51461124 -13.44226837 -10.06878853]
[-12.93153763 -13.1167202  -13.2806263  -13.16036701 -13.08937454
 -13.50849915 -13.57492065 -13.51825523 -13.44395256 -10.06878853]
[-12.93153763 -13.11673069 -13.28085232 -13.16279793 -13.09176064
 -13.51360607 -13.57504749 -13.51997566 -13.44705772 -10.06878853]
[-12.93153763 -13.1173296  -13.275033   -13.20354557 -13.08539581
 -13.51536274 -13.57321739 -13.52235222 -13.45325756 -10.06878948]
[-12.93153763 -13.11697578 -13.27526474 -13.21527958 -13.10196686
 -13.52297115 -13.57327843 -13.52275181 -13.45333958 -10.06878853]
[-12.93153858 -13.11697674 -13.27526474 -13.21527958 -13.10196686
 -13.52297115 -13.57327843 -13.52275276 -13.45334053 -10.06878853]
[-12.93153763 -13.11697578 -13.27526474 -13.21527958 -13.10196686
 -13.52297115 -13.57327652 -13.52275181 -13.45334053 -10.06878948]
[-12.93153763 -13.11697578 -13.27526569 -13.21527958 -13.10196686
 -13.52297115 -13.57327843 -13.52275181 -13.45334053 -10.06878853]
[-12.93153763 -13.11697578 -13.27526569 -13.21527958 -13.10196686
 -13.52297115 -13.57327747 -13.52275181 -13.45334053 -10.06878853]
[-12.93153763 -13.11697578 -13.27526474 -13.21527958 -13.10196686
 -13.52297115 -13.57327747 -13.52275276 -13.45334053 -10.06878853]
[-12.93153763 -13.11697578 -13.27526474 -13.21527958 -13.10196686
 -13.52297115 -13.57327747 -13.52275276 -13.45334053 -10.06878948]
[-12.93153858 -13.11697578 -13.27526474 -13.21527958 -13.10196686
 -13.52297115 -13.57327747 -13.52275181 -13.45334053 -10.06878948]
