[-12.93153763 -12.98038101 -12.84697342 -12.76831532 -12.92491531
 -13.26943111 -13.44329548 -12.84039688 -10.99813557 -10.06878853]
[-12.93153763 -13.05074692 -12.99868965 -12.76830864 -12.95428276
 -13.37812519 -13.45461655 -13.38399315 -13.12322903 -10.06878948]
[-12.93153763 -12.98036098 -12.84694195 -12.76828861 -12.9249115
 -13.26945972 -13.44335556 -12.84023952 -10.99970531 -10.06878853]
[-12.93153763 -12.98037624 -12.84697533 -12.76831532 -12.92491531
 -13.26943207 -13.44329548 -12.84031296 -10.99824142 -10.06878948]
[-12.93153763 -12.98037243 -12.84696579 -12.76830864 -12.92491245
 -13.26943398 -13.44330502 -12.84033966 -10.99826431 -10.06878853]
[-12.93153763 -12.98037243 -12.84696198 -12.76830482 -12.92491341
 -13.26943874 -13.44330978 -12.84027576 -10.99848175 -10.06878948]
[-12.93153763 -13.11697674 -13.27526474 -13.21529484 -13.10196114
 -13.52296448 -13.57327938 -13.52272129 -13.45330811 -10.06878948]
[-12.93153763 -12.98037052 -12.84695053 -12.76829338 -12.92491055
 -13.26945114 -13.44333839 -12.84022617 -10.99924755 -10.06878853]
[-12.93153763 -12.98037624 -12.84696674 -12.76830959 -12.92491341
 -13.26943398 -13.44330502 -12.84030914 -10.99834538 -10.06878948]
[-12.93153763 -13.11697769 -13.27526379 -13.21490955 -13.10196304
 -13.52296829 -13.57327747 -13.52271366 -13.45337963 -10.06878853]
[-12.93153763 -13.11219311 -13.27312279 -12.58098507 -13.13565445
 -13.52160835 -13.57288456 -13.52169037 -13.42115784 -10.06878948]
[-12.93153763 -12.98036098 -12.8469553  -12.7682991  -12.9249115
 -13.26944351 -13.44332218 -12.84022045 -10.99890804 -10.06878853]
[-12.93153763 -12.98037815 -12.84697723 -12.76831627 -12.92491531
 -13.26943493 -13.44330311 -12.84029961 -10.99839878 -10.06878948]
