10.038072602273877
9.778133949887472
9.712258923330646
3.0605176986088614
2.2756682574571343
2.184419001171927
2.1643852464467916
1.0464021460045898
10.043046976825757
9.777727576345024
9.709731718821292
10.038512972779717
9.777197120125319
9.711703388449848
3.0605054835764536
2.277371240190011
2.184802697767266
2.1653904674179283
1.0463807692367304
0.9380365797803403
0.8205974657686597
0.7601207049170068
0.7248771749478489
0.701686849755304
0.6364302170782083
0.5878361679850006
0.5389391806109859
0.5242563720083919
0.4991275911537082
0.5438386395257626
0.5303214254976161
0.5233095337141097
0.483343482402816
0.46377054127950157
0.4495403130569707
0.43095054287339923
0.4256472414252372
10.04161651757596
9.778668650306837
9.708952673240882
3.060385091619022
2.2747127632899438
2.1786908827341396
2.1632268401784733
1.0463906215699221
0.9386857726276941
0.8206069222272082
0.7601361066948229
0.7248889076436983
0.7017011616065434
0.6365436389366722
0.5878381603642128
0.5389475706495308
0.5242511448407446
0.4991232821449715
0.5792886961621411
0.5646701941086867
0.5571468069592089
0.5133070041421848
0.49237677718712186
0.45025201825233596
0.4451273865061587
0.44331775219055947
0.42507021068021006
10.040544414685467
9.781075986366204
9.709777275196567
3.0605282390225934
2.270457763806961
2.1843126178739167
2.163112741914634
1.0463734321081026
0.938277232485345
0.8206113670812133
0.7601328354625652
0.7249318042817502
0.7016982175062793
0.6365829171306666
0.5878453820313827
0.538934126186026
0.5242777196533421
0.49174148208353763
